<div><h2>A Java futtató környezet által észlelt processzor architektúra (adatszélesség bit)</h2><p>64</p></div>
 <div><h2>Az Aparapi által érzékelt OpenCl eszközök</h2><p>Legjobb eszköz: <br />Device 3136880
  type:GPU
  maxComputeUnits=14
  maxWorkItemDimensions=3
  maxWorkItemSizes={256, 256, 256}
  maxWorkWorkGroupSize=256
  globalMemSize=2147483648
  localMemSize=32768</p><p>Elsõdleges CPU: <br />Device 248290032
  type:CPU
  maxComputeUnits=6
  maxWorkItemDimensions=3
  maxWorkItemSizes={1024, 1024, 1024}
  maxWorkWorkGroupSize=1024
  globalMemSize=8586293248
  localMemSize=32768</p><p>Elsõdleges GPU: <br />Device 3136880
  type:GPU
  maxComputeUnits=14
  maxWorkItemDimensions=3
  maxWorkItemSizes={256, 256, 256}
  maxWorkWorkGroupSize=256
  globalMemSize=2147483648
  localMemSize=32768</p></div>
 
<div><h2>Aparapi kernel feladata: Négyzetre emelés: 200 float típusú számon</h2><p><h3>Futtató eszközrõl</h3>GPU</p></div>
<h3>Futási idõ</h3><strong>Konvertálási idõ (Java byte kód -> OpenCl kód): </strong>210<br /><strong>Futási idõ: </strong>210<br /><strong>Összidõ: </strong>210<br />
<h3>A generált bemenet</h3>4.2471404, 41.62958, 48.35136, 32.94637, 28.253256, 46.187695, 25.463064, 28.028946, 65.4179, 93.042175, 2.8223922, 91.4508, 58.918266, 76.913376, 20.427547, 93.87656, 24.90468, 54.028793, 83.850624, 7.858153, 92.65973, 34.89918, 31.322811, 58.636395, 9.395205, 36.969482, 67.21677, 23.454048, 28.46439, 39.091003, 49.111893, 29.188301, 18.614775, 8.765105, 11.038225, 66.17671, 28.878994, 5.2377048, 29.03007, 57.302197, 18.799416, 96.777664, 86.78038, 95.718994, 16.904469, 68.851105, 78.97225, 92.04301, 1.7024769, 41.40763, 97.773994, 52.396267, 8.9313545, 58.123253, 84.01929, 42.386703, 56.400295, 58.198822, 88.75435, 78.92081, 43.482105, 92.1916, 83.11883, 31.688171, 26.16257, 97.36151, 74.93772, 9.223304, 90.525925, 5.1426806, 38.936325, 50.64152, 47.653038, 13.6043825, 44.150826, 43.462116, 51.13172, 21.144995, 66.89185, 40.373436, 94.72611, 84.1659, 10.528904, 53.360878, 82.224815, 31.101595, 14.398328, 62.31022, 74.08509, 37.935863, 23.298, 87.01513, 6.213055, 46.213123, 6.316773, 36.459126, 45.067554, 83.55755, 59.1571, 67.30854, 90.247925, 28.84186, 97.64425, 54.74465, 60.823612, 49.401302, 51.775776, 3.0793757, 4.8862834, 26.067421, 99.45007, 1.0403713, 53.152557, 73.300026, 36.92289, 57.17788, 96.91839, 56.324726, 69.07597, 34.536934, 8.263605, 4.937276, 16.742073, 40.555065, 36.127773, 24.514885, 80.615746, 18.086906, 5.7263656, 8.77858, 71.68951, 26.523718, 20.748652, 65.97958, 16.690107, 98.16701, 17.87658, 80.43658, 73.64974, 4.3320723, 51.386444, 44.729645, 47.53234, 68.09844, 91.942856, 14.360615, 78.745056, 16.190899, 8.167111, 56.318344, 88.40034, 71.16586, 62.159927, 85.74148, 3.3541038, 46.89456, 90.880775, 10.750142, 51.33069, 25.275694, 64.13417, 34.521774, 11.85537, 60.176716, 6.8854733, 95.81544, 32.250458, 75.79435, 48.726875, 64.40268, 69.61113, 0.94122595, 16.536425, 46.241966, 99.46221, 8.207031, 17.72102, 94.73767, 39.707497, 7.5089707, 70.90666, 69.05347, 74.51801, 77.23767, 28.537083, 28.203808, 26.966219, 3.021136, 1.5644649, 0.5262745, 21.497885, 34.07074, 40.26357, 22.141243, 97.7438, 60.139637, 47.173374, 95.13442, 85.708534, 58.315426<br />
<h3>A kiszámított kimenet</h3>18.038202, 1733.0221, 2337.854, 1085.4633, 798.24646, 2133.3032, 648.3676, 785.6218, 4279.5015, 8656.847, 7.965898, 8363.248, 3471.362, 5915.6675, 417.2847, 8812.808, 620.2431, 2919.1106, 7030.9272, 61.750565, 8585.825, 1217.9529, 981.11847, 3438.2268, 88.26987, 1366.7427, 4518.0938, 550.09235, 810.2215, 1528.1066, 2411.978, 851.9569, 346.50983, 76.82707, 121.842415, 4379.3574, 833.9963, 27.433552, 842.74493, 3283.5417, 353.41803, 9365.916, 7530.8345, 9162.126, 285.76105, 4740.4746, 6236.6167, 8471.915, 2.8984275, 1714.5919, 9559.754, 2745.369, 79.7691, 3378.3125, 7059.2407, 1796.6327, 3180.9934, 3387.1028, 7877.3345, 6228.4937, 1890.6935, 8499.291, 6908.7397, 1004.1402, 684.4801, 9479.264, 5615.662, 85.069336, 8194.943, 26.447165, 1516.0374, 2564.5637, 2270.812, 185.07922, 1949.2954, 1888.9556, 2614.453, 447.1108, 4474.52, 1630.0143, 8973.036, 7083.899, 110.85782, 2847.3833, 6760.9204, 967.3092, 207.31184, 3882.5635, 5488.6006, 1439.1298, 542.7968, 7571.633, 38.602055, 2135.6528, 39.90162, 1329.2678, 2031.0845, 6981.864, 3499.5625, 4530.4395, 8144.688, 831.8529, 9534.399, 2996.9768, 3699.5117, 2440.4888, 2680.731, 9.482555, 23.875765, 679.51044, 9890.317, 1.0823724, 2825.1943, 5372.894, 1363.2998, 3269.3098, 9393.174, 3172.4749, 4771.49, 1192.7998, 68.28717, 24.376694, 280.297, 1644.7133, 1305.216, 600.9796, 6498.8984, 327.13617, 32.791264, 77.06346, 5139.3853, 703.5076, 430.50653, 4353.3057, 278.5597, 9636.762, 319.57208, 6470.043, 5424.2847, 18.76685, 2640.5667, 2000.7411, 2259.3235, 4637.398, 8453.488, 206.22725, 6200.7837, 262.1452, 66.701706, 3171.7559, 7814.6196, 5064.58, 3863.8567, 7351.601, 11.250012, 2199.0999, 8259.315, 115.56555, 2634.8396, 638.8607, 4113.192, 1191.7529, 140.54979, 3621.237, 47.40974, 9180.598, 1040.092, 5744.783, 2374.3083, 4147.705, 4845.7095, 0.8859063, 273.45334, 2138.3193, 9892.731, 67.35536, 314.03455, 8975.227, 1576.6853, 56.38464, 5027.755, 4768.3813, 5552.934, 5965.6577, 814.3651, 795.4548, 727.17694, 9.127263, 2.4475505, 0.27696484, 462.15906, 1160.8153, 1621.155, 490.23465, 9553.85, 3616.776, 2225.3271, 9050.559, 7345.9526, 3400.689<br />
